Completion detected at cycle: 845
CARDINAL CMP ALL-TO-ALL COVERAGE REPORT_torus
Packets delivered: 240 / 240
Coverage: 100%

Coverage matrix (src=row, dst=col):
     00 01 02 03 10 11 12 13 20 21 22 23 30 31 32 33
n00:  -  1  1  1  1  1  1  1  1  1  1  1  1  1  1  1 
n01:  1  -  1  1  1  1  1  1  1  1  1  1  1  1  1  1 
n02:  1  1  -  1  1  1  1  1  1  1  1  1  1  1  1  1 
n03:  1  1  1  -  1  1  1  1  1  1  1  1  1  1  1  1 
n04:  1  1  1  1  -  1  1  1  1  1  1  1  1  1  1  1 
n05:  1  1  1  1  1  -  1  1  1  1  1  1  1  1  1  1 
n06:  1  1  1  1  1  1  -  1  1  1  1  1  1  1  1  1 
n07:  1  1  1  1  1  1  1  -  1  1  1  1  1  1  1  1 
n08:  1  1  1  1  1  1  1  1  -  1  1  1  1  1  1  1 
n09:  1  1  1  1  1  1  1  1  1  -  1  1  1  1  1  1 
n10:  1  1  1  1  1  1  1  1  1  1  -  1  1  1  1  1 
n11:  1  1  1  1  1  1  1  1  1  1  1  -  1  1  1  1 
n12:  1  1  1  1  1  1  1  1  1  1  1  1  -  1  1  1 
n13:  1  1  1  1  1  1  1  1  1  1  1  1  1  -  1  1 
n14:  1  1  1  1  1  1  1  1  1  1  1  1  1  1  -  1 
n15:  1  1  1  1  1  1  1  1  1  1  1  1  1  1  1  - 
